300597
603039
300209
300598
300523
300451
300561
600728
600634
300277
300448
600455
603636
002174
603990
300579
300248
002339
300044
300300
603444
002065
600271
002474
300096
300508
300311
002230
300031
300074
002439
002279
300302
002362
600476
002657
300168
300075
002649
002063
600718
600446
600570
300047
002421
300002
600756
002373
300045
300287
600536
002771
601519
000948
002268
300290
600289
002232
002331
300264
600410
300365
300339
300033
300253
300036
002410
300170
300085
600571
300324
300297
002405
300166
300017
300231
600588
300352
300465
300010
600845
300348
300020
002153
002178
603918
300188
300182
300113
002642
300245
002280
300533
002253
300369
300559
603189
300520
300229
300377
002401
300542
603258
300552
300541
002558
300550
300379
300386
300378
002368
300525
300556
600767
300469
600242
300467
300578
300271
300518
300468
600654
000711
603986
300605
300603
603881
300513
300212
